[a1.jpg]
filters=Holga=1,70.000000,30.000000,0.000000;
moddate=76dac1d69059d701
width=1024
height=724
textactive=0
